mult_score00 = 6042.802507
mult_score01 = 6209.536747
mult_score02 = 7175.648431
mult_score03 = 9048.701436
mult_score04 = 7595.566945
mult_score05 = 7617.202939
mult_score06 = 6487.163634
mult_score10 = 3608.069329
mult_score11 = 3839.846697
mult_score12 = 4352.890132
mult_score13 = 5511.864215
mult_score14 = 4585.361163
mult_score15 = 4510.078312
mult_score16 = 4011.692707
mult_score20 = 2973.420036
mult_score21 = 3180.568407
mult_score22 = 3597.239505
mult_score23 = 4549.928245
mult_score24 = 3770.527716
mult_score25 = 3703.141807
mult_score26 = 3314.389569
mult_score30 = 6864.939511
mult_score31 = 7139.594434
mult_score32 = 8225.493682
mult_score33 = 10407.093053
mult_score34 = 8653.742907
mult_score35 = 8618.978601
mult_score36 = 7456.029973
mult_score40 = 7265.734500
mult_score41 = 7451.611378
mult_score42 = 8769.295161
mult_score43 = 10885.150174
mult_score44 = 9171.044465
mult_score45 = 9135.199528
mult_score46 = 7771.461196
mult_score50 = 8949.646166
mult_score51 = 9184.793435
mult_score52 = 10815.915959
mult_score53 = 13451.797432
mult_score54 = 11374.845575
mult_score55 = 11253.697152
mult_score56 = 9584.610952
mult_score60 = 3930.982720
mult_score61 = 4164.663837
mult_score62 = 4724.251765
mult_score63 = 5979.070645
mult_score64 = 4983.213926
mult_score65 = 4913.894812
mult_score66 = 4344.676992
