spec_score00 = 73959.391575
spec_score01 = 75936.351529
spec_score02 = 87684.931430
spec_score03 = 108899.405389
spec_score04 = 108899.405389
spec_score05 = 91874.009466
spec_score06 = 79039.401245
spec_score10 = 178594.903335
spec_score11 = 181608.962375
spec_score12 = 207395.048790
spec_score13 = 266586.459144
spec_score14 = 266586.459144
spec_score15 = 222352.668329
spec_score16 = 189751.655586
spec_score20 = 34594.229979
spec_score21 = 34802.514593
spec_score22 = 38894.528165
spec_score23 = 50894.289926
spec_score24 = 50894.289926
spec_score25 = 43230.516785
spec_score26 = 36159.183281
spec_score30 = 11703.985637
spec_score31 = 11544.436374
spec_score32 = 12670.716522
spec_score33 = 16893.899559
spec_score34 = 16893.899559
spec_score35 = 14628.445069
spec_score36 = 11937.311109
spec_score40 = 5778.589860
spec_score41 = 5839.253569
spec_score42 = 6926.666695
spec_score43 = 8543.405758
spec_score44 = 8543.405758
spec_score45 = 7330.556736
spec_score46 = 6089.121043
spec_score50 = 9009.736607
spec_score51 = 9199.694746
spec_score52 = 10925.320708
spec_score53 = 13482.673883
spec_score54 = 13482.673883
spec_score55 = 11318.564445
spec_score56 = 9608.217420
spec_score60 = 1334.161104
spec_score61 = 1361.892098
spec_score62 = 1586.765330
spec_score63 = 2025.462479
spec_score64 = 2025.462479
spec_score65 = 1680.894605
spec_score66 = 1434.614877
