thrd_score00 = 1.000000
thrd_score01 = 0.000000
thrd_score02 = 10.000000
thrd_score03 = 21.000000
thrd_score04 = 49.000000
thrd_score05 = 61.000000
thrd_score06 = 0.000000
thrd_score10 = 0.000000
thrd_score11 = 0.000000
thrd_score12 = 0.000000
thrd_score13 = 0.000000
thrd_score14 = 0.000000
thrd_score15 = 0.000000
thrd_score16 = 0.000000
thrd_score20 = 0.000000
thrd_score21 = 0.000000
thrd_score22 = 4.000000
thrd_score23 = 7.000000
thrd_score24 = 14.000000
thrd_score25 = 16.000000
thrd_score26 = 0.000000
thrd_score30 = 4.000000
thrd_score31 = 0.000000
thrd_score32 = 50.000000
thrd_score33 = 88.000000
thrd_score34 = 200.000000
thrd_score35 = 224.000000
thrd_score36 = 1.000000
thrd_score40 = 2.000000
thrd_score41 = 0.000000
thrd_score42 = 82.000000
thrd_score43 = 146.000000
thrd_score44 = 325.000000
thrd_score45 = 372.000000
thrd_score46 = 2.000000
thrd_score50 = 3.000000
thrd_score51 = 0.000000
thrd_score52 = 127.000000
thrd_score53 = 222.000000
thrd_score54 = 507.000000
thrd_score55 = 580.000000
thrd_score56 = 3.000000
thrd_score60 = 0.000000
thrd_score61 = 0.000000
thrd_score62 = 7.000000
thrd_score63 = 11.000000
thrd_score64 = 28.000000
thrd_score65 = 31.000000
thrd_score66 = 0.000000
